[Colors]
Text = (0.58208954, 0.8191134, 1, 1)
TextDisabled = (1, 1, 1, 1)
WindowBg = (0.08235294, 0.18431373, 0.3372549, 0.9411765)
ChildBg = (0, 0, 0, 0)
PopupBg = (0.08, 0.08, 0.08, 0.94)
Border = (0.43, 0.43, 0.5, 0.5)
BorderShadow = (0, 0, 0, 0)
FrameBg = (0.0709636, 0.16398445, 0.3034826, 0.50248754)
FrameBgHovered = (0, 0.21492541, 0.9, 0.4)
FrameBgActive = (0.013143227, 0.34978274, 0.880597, 1)
TitleBg = (0.009653219, 0.1332714, 0.3233831, 1)
TitleBgActive = (0, 0.27547473, 0.57711446, 1)
TitleBgCollapsed = (0.08235294, 0.18431373, 0.3372549, 0.9411765)
MenuBarBg = (0.08235294, 0.18431373, 0.3372549, 0.9411765)
ScrollbarBg = (0.02, 0.02, 0.02, 0.53)
ScrollbarGrab = (0.31, 0.31, 0.31, 1)
ScrollbarGrabHovered = (0.31, 0.31, 0.31, 1)
ScrollbarGrabActive = (0.51, 0.51, 0.51, 1)
CheckMark = (0.85, 0.5074627, 0, 1)
SliderGrab = (0.85, 0.5074627, 0, 1)
SliderGrabActive = (1, 0.684413, 0.15422887, 1)
Button = (0.1673721, 0.37630558, 0.6865672, 0.4)
ButtonHovered = (0.41293532, 0.55321145, 1, 0.4)
ButtonActive = (0, 0.40597022, 0.85, 1)
Header = (0.1673721, 0.37630558, 0.6865672, 0.4)
HeaderHovered = (0.41293532, 0.55321145, 1, 0.4)
HeaderActive = (0, 0.40597022, 0.85, 1)
Separator = (0.43, 0.43, 0.5, 0.5)
SeparatorHovered = (0.41293532, 0.55321145, 1, 0.4)
SeparatorActive = (0, 0.40597022, 0.85, 1)
ResizeGrip = (0, 0.35387802, 0.74129355, 1)
ResizeGripHovered = (0, 0.427522, 0.89552236, 1)
ResizeGripActive = (0.124378085, 0.5424261, 1, 1)
Tab = (0.009653219, 0.1332714, 0.3233831, 1)
TabHovered = (0.22771715, 0.41104773, 0.99502486, 0.4)
TabActive = (0, 0.27547473, 0.57711446, 1)
TabUnfocused = (0, 0.08625742, 0.21890545, 1)
TabUnfocusedActive = (0, 0.2446073, 0.5124378, 1)
PlotLines = (0.61, 0.61, 0.61, 1)
PlotLinesHovered = (1, 0.43, 0.35, 1)
PlotHistogram = (0.9, 0.7, 0, 1)
PlotHistogramHovered = (1, 0.6, 0, 1)
TextSelectedBg = (0, 0.35387802, 0.74129355, 1)
DragDropTarget = (0.9, 0.7, 0, 1)
NavHighlight = (0.124378085, 0.5424261, 1, 1)
NavWindowingHighlight = (1, 1, 1, 0.7)
NavWindowingDimBg = (0.8, 0.8, 0.8, 0.2)
ModalWindowDimBg = (0.8, 0.8, 0.8, 0.2)

[Main]
WindowPadding = (8, 8)
FramePadding = (4, 3)
ItemSpacing = (8, 4)
ItemInnerSpacing = (4, 4)
TouchExtraPadding = (0, 0)
IndentSpacing = 21
ScrollbarSize = 14
GrabMinSize = 10

[Borders]
WindowBorderSize = 1
ChildBorderSize = 1
PopupBorderSize = 1
FrameBorderSize = 0
TabBorderSize = 0

[Rounding]
WindowRounding = 5
ChildRounding = 0
FrameRounding = 2
PopupRounding = 0
ScrollbarRounding = 0
GrabRounding = 0
TabRounding = 4

[Alignment]
WindowTitleAlign = (0, 0.5)
WindowMenuButtonPosition = Left
ColorButtonPosition = Right
ButtonTextAlign = (0.5, 0.5)
SelectableTextAlign = (0, 0)

[Font]
Name = Gravity-Bold
Size = 15

[Safe Area Padding]
SafeAreaPadding = (3, 3)
