[Colors]
Text = (0.9036258, 0.92024684, 0.93285584, 1)
TextDisabled = (1, 1, 1, 1)
WindowBg = (0.105882354, 0.105882354, 0.11372549, 0.9411765)
ChildBg = (0, 0, 0, 0)
PopupBg = (0.08, 0.08, 0.08, 0.94)
Border = (0.43, 0.43, 0.5, 0.5)
BorderShadow = (0, 0, 0, 0)
FrameBg = (0.20784314, 0.23137255, 0.27058825, 0.7717099)
FrameBgHovered = (0.3430695, 0.3661645, 0.40465534, 0.7717099)
FrameBgActive = (0.5120859, 0.5120808, 0.5120808, 1)
TitleBg = (0.105882354, 0.105882354, 0.11372549, 0.9411765)
TitleBgActive = (0.20838843, 0.22601898, 0.2524619, 1)
TitleBgCollapsed = (0.120061144, 0.13184005, 0.14950758, 1)
MenuBarBg = (0.08235294, 0.09019608, 0.09411765, 0.9411765)
ScrollbarBg = (0.02, 0.02, 0.02, 0.53)
ScrollbarGrab = (0.31, 0.31, 0.31, 1)
ScrollbarGrabHovered = (0.31, 0.31, 0.31, 1)
ScrollbarGrabActive = (0.51, 0.51, 0.51, 1)
CheckMark = (0.9731423, 0.9822054, 1, 0.4)
SliderGrab = (0.42797044, 0.4649629, 0.5389436, 0.7358997)
SliderGrabActive = (0.5696003, 0.58624035, 0.61951655, 0.79409134)
Button = (0.2627451, 0.29411766, 0.35686275, 0.84780663)
ButtonHovered = (0.42797044, 0.4649629, 0.5389436, 0.7358997)
ButtonActive = (0.5696003, 0.58624035, 0.61951655, 0.79409134)
Header = (0.20784314, 0.23137255, 0.27058825, 0.79409134)
HeaderHovered = (0.42797044, 0.4649629, 0.5389436, 0.4)
HeaderActive = (0.5696003, 0.58624035, 0.61951655, 0.4)
Separator = (0.43, 0.43, 0.5, 0.5)
SeparatorHovered = (0.41293532, 0.55321145, 1, 0.4)
SeparatorActive = (0, 0.40597022, 0.85, 1)
ResizeGrip = (0.31, 0.31, 0.31, 1)
ResizeGripHovered = (0.51107204, 0.52782446, 0.56132495, 0.79409134)
ResizeGripActive = (0.69766104, 0.7074242, 0.7269472, 0.79409134)
Tab = (0.2627451, 0.29411766, 0.35686275, 0.4)
TabHovered = (0.42797044, 0.4649629, 0.5389436, 0.4)
TabActive = (0.5696003, 0.58624035, 0.61951655, 0.4)
TabUnfocused = (0.21543345, 0.24120562, 0.2927484, 0.4)
TabUnfocusedActive = (0.4421647, 0.45353654, 0.47627574, 0.4)
PlotLines = (0.61, 0.61, 0.61, 1)
PlotLinesHovered = (0.9865712, 0.9865626, 0.9865613, 1)
PlotHistogram = (0.7985676, 0.7985659, 0.7985596, 1)
PlotHistogramHovered = (0.44941807, 0.4494163, 0.44941357, 1)
TextSelectedBg = (0.124990255, 0.3623676, 0.6150403, 1)
DragDropTarget = (0.68218446, 0.6821829, 0.6821776, 1)
NavHighlight = (0.124378085, 0.5424261, 1, 1)
NavWindowingHighlight = (1, 1, 1, 0.7)
NavWindowingDimBg = (0.8, 0.8, 0.8, 0.2)
ModalWindowDimBg = (0.8, 0.8, 0.8, 0.2)

[Main]
WindowPadding = (8, 8)
FramePadding = (4, 3)
ItemSpacing = (8, 4)
ItemInnerSpacing = (4, 4)
TouchExtraPadding = (0, 0)
IndentSpacing = 21
ScrollbarSize = 14
GrabMinSize = 10

[Borders]
WindowBorderSize = 1
ChildBorderSize = 1
PopupBorderSize = 1
FrameBorderSize = 0
TabBorderSize = 0

[Rounding]
WindowRounding = 5
ChildRounding = 0
FrameRounding = 2
PopupRounding = 0
ScrollbarRounding = 0
GrabRounding = 0
TabRounding = 4

[Alignment]
WindowTitleAlign = (0, 0.5)
WindowMenuButtonPosition = Left
ColorButtonPosition = Right
ButtonTextAlign = (0.5, 0.5)
SelectableTextAlign = (0, 0)

[Font]
Name = seguisb
Size = 17.3

[Safe Area Padding]
SafeAreaPadding = (3, 3)
